0 0.00 18.78 
1 6.89 -0.12 
2 9.90 1.92 
3 11.66 5.55 
4 12.91 8.25 
5 13.88 1.92 
6 14.67 -1.79 
7 15.34 3.74 
8 15.92 1.44 
9 16.43 1.74 
10 16.89 5.20 
11 17.30 4.94 
12 17.68 5.51 
13 18.03 5.22 
14 18.35 2.06 
15 18.65 0.39 
16 18.93 3.71 
17 19.19 -0.57 
18 19.44 -0.77 
19 19.67 1.99 
20 19.90 0.23 
21 20.11 3.23 
22 20.31 -2.57 
23 20.50 1.24 
24 20.69 0.85 
25 20.87 -0.49 
26 21.04 0.88 
27 21.20 1.92 
28 21.36 1.50 
29 21.51 2.58 
30 21.66 -0.65 
31 21.80 0.09 
32 21.94 2.56 
33 22.07 -4.55 
34 22.20 2.02 
35 22.33 1.78 
36 22.45 2.41 
37 22.57 -3.32 
38 22.68 2.92 
39 22.80 0.92 
40 22.91 -1.31 
41 23.01 0.94 
42 23.12 -1.56 
43 23.22 -1.94 
44 23.32 0.64 
45 23.42 -1.61 
46 23.51 -2.33 
47 23.61 1.41 
48 23.70 0.33 
49 23.79 -1.08 
50 23.88 -0.21 
51 23.96 -1.72 
52 24.05 -0.49 
53 24.13 -0.52 
54 24.21 -0.32 
55 24.29 -8.46 
56 24.37 -1.66 
57 24.45 -3.00 
58 24.52 -2.82 
59 24.60 -4.68 
60 24.67 -2.89 
61 24.74 -3.64 
62 24.81 -1.53 
63 24.88 -2.95 
64 24.95 -4.32 
65 25.02 -4.01 
66 25.08 -3.46 
67 25.15 -6.13 
68 25.21 -3.55 
69 25.28 -6.35 
70 25.34 -2.75 
71 25.40 -6.44 
72 25.46 -11.31 
73 25.52 -6.00 
74 25.58 -11.95 
75 25.64 -6.74 
76 25.69 -7.22 
77 25.75 -7.15 
78 25.81 -11.00 
79 25.86 -8.61 
80 25.92 -8.23 
81 25.97 -4.42 
82 26.02 -4.60 
83 26.08 -6.71 
84 26.13 -9.32 
85 26.18 -5.36 
86 26.23 -7.06 
87 26.28 -4.45 
88 26.33 -4.27 
89 26.38 -4.72 
90 26.43 -4.55 
91 26.48 -6.75 
92 26.52 -5.92 
93 26.57 -7.04 
94 26.62 -5.63 
95 26.66 -8.94 
96 26.71 -11.64 
97 26.75 -8.39 
98 26.80 -10.49 
99 26.84 -3.94 
100 26.89 -6.02 
101 26.93 -4.86 
102 26.97 -8.31 
103 27.02 -4.66 
104 27.06 -8.91 
105 27.10 -7.85 
106 27.14 -8.43 
107 27.18 -4.17 
108 27.22 -8.92 
109 27.26 -4.23 
110 27.30 -5.31 
111 27.34 -3.62 
112 27.38 -7.61 
113 27.42 -8.80 
114 27.46 -4.34 
115 27.49 -5.99 
116 27.53 -6.94 
117 27.57 -7.10 
118 27.61 -8.34 
119 27.64 -13.87 
120 27.68 -5.25 
121 27.71 -4.10 
122 27.75 3.93 
123 27.79 -11.24 
124 27.82 -10.10 
125 27.86 -6.58 
126 27.89 -8.22 
127 27.92 -11.02 
128 27.96 -5.25 
129 27.99 -5.59 
130 28.03 -6.11 
131 28.06 -7.77 
132 28.09 -6.01 
133 28.13 -8.62 
134 28.16 -6.29 
135 28.19 -6.37 
136 28.22 -5.22 
137 28.25 -6.68 
138 28.29 -7.39 
139 28.32 -8.32 
140 28.35 -8.91 
141 28.38 -4.88 
142 28.41 -10.97 
143 28.44 -7.62 
144 28.47 -10.34 
145 28.50 -4.47 
146 28.53 -8.29 
147 28.56 -6.97 
148 28.59 -8.87 
149 28.62 -5.15 
150 28.65 -8.37 
151 28.68 -7.29 
152 28.71 -9.08 
153 28.73 -7.24 
154 28.76 -7.54 
155 28.79 -7.85 
156 28.82 -10.83 
157 28.85 -5.42 
158 28.87 -8.14 
159 28.90 -6.00 
160 28.93 -6.27 
161 28.95 -7.54 
162 28.98 -7.27 
163 29.01 -4.78 
164 29.04 -5.30 
165 29.06 -7.82 
166 29.09 -6.98 
167 29.11 -5.09 
168 29.14 -6.15 
169 29.17 -4.17 
170 29.19 -6.92 
171 29.22 -5.10 
172 29.24 -9.62 
173 29.27 -5.50 
174 29.29 -5.33 
175 29.32 -6.33 
176 29.34 -15.58 
177 29.37 -5.37 
178 29.39 -8.08 
179 29.42 -4.37 
180 29.44 -10.32 
181 29.46 -8.41 
182 29.49 -9.70 
183 29.51 -9.52 
184 29.53 -4.25 
185 29.56 -7.25 
186 29.58 -6.66 
187 29.61 -10.13 
188 29.63 -4.71 
189 29.65 -12.13 
190 29.67 -4.14 
191 29.70 -11.40 
192 29.72 -6.64 
193 29.74 -5.81 
194 29.76 -8.76 
195 29.79 -5.71 
196 29.81 -6.34 
197 29.83 -13.12 
198 29.85 -6.15 
199 29.88 -7.65 
200 29.90 -6.29 
201 29.92 -8.23 
202 29.94 -5.19 
203 29.96 -11.61 
204 29.98 -7.28 
205 30.00 -6.59 
206 30.03 -7.75 
207 30.05 -5.77 
208 30.07 -7.75 
209 30.09 -5.69 
210 30.11 -5.35 
211 30.13 -14.15 
212 30.15 -3.71 
213 30.17 -6.12 
214 30.19 -7.32 
215 30.21 -8.99 
216 30.23 -8.64 
217 30.25 -5.45 
218 30.27 -4.59 
219 30.29 -9.46 
220 30.31 -8.95 
221 30.33 -4.50 
222 30.35 -5.80 
223 30.37 -8.17 
224 30.39 -7.50 
225 30.41 -4.04 
226 30.43 -4.87 
227 30.45 -6.16 
228 30.47 -7.29 
229 30.49 -15.02 
230 30.50 -9.73 
231 30.52 -6.04 
232 30.54 -4.72 
233 30.56 -6.60 
234 30.58 -9.23 
235 30.60 -6.70 
236 30.62 -6.91 
237 30.63 -7.24 
238 30.65 -5.22 
239 30.67 -4.59 
240 30.69 -7.44 
241 30.71 -2.53 
242 30.72 -5.37 
243 30.74 -6.56 
244 30.76 -5.26 
245 30.78 -11.22 
246 30.80 -7.73 
247 30.81 -8.70 
248 30.83 -6.58 
249 30.85 -4.78 
250 30.87 -7.50 
251 30.88 -4.16 
252 30.90 -9.84 
253 30.92 -7.85 
254 30.94 -12.58 
255 30.95 -11.68 
